BEBOUWING
<0>, 1, 1006
-223.94, -318.26, 0.00, 0.00
-237.40, -320.13, 1.56, -0.15
-250.12, -326.99, 1.12, 0.24
-259.71, -338.32, 0.28, 0.87
-264.59, -353.55, 0.73, 1.93
-262.64, -370.66, 0.23, 3.76
-252.31, -386.57, 0.68, 3.20
-235.15, -395.99, 1.02, 4.58
-214.27, -395.66, 0.10, 6.34
-196.18, -384.39, 0.95, 5.82
-186.56, -365.34, 2.14, 6.23
-189.34, -341.44, 3.04, 7.87
-207.80, -322.34, 4.43, 7.41
-223.94, -318.26, 0.00, 0.00
<0>, 2, 1000
141.53, -897.58, 0.00, 0.00
163.76, -891.01, -0.05, 1.57
176.80, -860.58, -0.95, 0.63
153.67, -832.78, -0.07, 1.95
115.00, -848.05, 1.10, 1.19
141.53, -897.58, 0.00, 0.00
<0>, 3, 1003
-426.53, -263.46, 0.00, 0.00
-280.33, -147.41, 0.61, -0.52
-515.60, -73.55, 0.03, -0.29
-426.53, -263.46, 0.00, 0.00
<0>, 4, 1007
921.37, -197.62, 0.00, 0.00
921.11, -150.01, 0.85, 0.76
897.37, -105.08, 0.95, 2.21
828.36, -71.26, 1.14, 2.84
754.91, -94.55, 1.72, 3.46
717.33, -178.85, 3.42, 2.57
778.16, -268.63, 4.59, 3.40
890.15, -250.89, 6.14, 3.70
921.37, -197.62, 0.00, 0.00
<0>, 5, 1008
303.48, -442.33, 0.00, 0.00
302.79, -437.87, -0.07, 0.29
298.93, -433.89, -0.21, 1.36
293.41, -433.22, -1.16, 2.42
286.93, -441.51, -1.45, 1.96
294.24, -449.57, 0.49, 2.15
303.48, -442.33, 0.00, 0.00
<0>, 6, 1001
-595.08, 374.64, 0.00, 0.00
-684.66, 514.44, 1.79, -0.02
-741.37, 293.75, 1.13, 0.35
-595.08, 374.64, 0.00, 0.00
<0>, 7, 1009
-810.18, 455.50, 0.00, 0.00
-795.91, 473.33, -0.53, 1.03
-792.98, 508.00, 0.97, 2.37
-818.20, 538.74, 0.80, 3.00
-857.92, 541.06, 1.73, 3.48
-890.28, 494.82, 2.62, 4.58
-857.73, 448.00, 2.57, 5.28
-810.18, 455.50, 0.00, 0.00
<0>, 8, 1002
-522.86, 442.15, 0.00, 0.00
-529.22, 456.08, -0.12, 1.71
-540.95, 468.05, -0.65, 0.82
-556.91, 475.23, 0.37, -0.12
-577.89, 475.33, -0.57, -1.11
-599.63, 463.64, -1.48, -0.02
-612.84, 440.19, -2.21, 1.98
-609.89, 411.22, -2.88, 2.82
-588.75, 388.93, -1.87, 2.90
-553.15, 386.14, -1.04, 4.13
-525.47, 410.91, -0.22, 5.71
-522.86, 442.15, 0.00, 0.00
<0>, 9, 1005
-142.85, -321.39, 0.00, 0.00
-48.90, -302.65, 1.00, -0.87
5.86, -218.12, 1.30, 0.41
-22.16, -115.99, 2.61, 2.15
-128.41, -71.44, 3.66, 2.29
-231.55, -140.53, 5.22, 3.89
-215.93, -278.10, 6.45, 4.82
-142.85, -321.39, 0.00, 0.00
<0>, 10, 1004
386.49, -629.00, 0.00, 0.00
322.62, -693.07, 0.82, 1.59
309.00, -783.13, 2.31, 2.88
365.61, -875.61, 2.72, 3.89
514.21, -890.78, 4.26, 5.32
598.14, -752.30, 3.55, 6.73
386.49, -629.00, 0.00, 0.00
REFLEKTIE
<0>, 1000, 80, 70, 80, 80, 70, 70, 70, 80, 70
<0>, 1001, 70, 80, 70, 70, 70, 70, 80, 70, 70
<0>, 1002, 70, 80, 80, 70, 80, 80, 70, 70, 70
<0>, 1003, 80, 80, 70, 70, 70, 80, 70, 70, 70
<0>, 1004, 80, 70, 80, 80, 80, 80, 70, 80, 70
<0>, 1005, 70, 70, 80, 70, 70, 70, 70, 70, 70
<0>, 1006, 80, 80, 70, 80, 70, 80, 70, 80, 80
<0>, 1007, 80, 70, 70, 80, 80, 80, 80, 80, 80
<0>, 1008, 80, 70, 70, 70, 80, 80, 70, 70, 70
<0>, 1009, 80, 70, 80, 80, 80, 70, 80, 80, 80
WEGVAKKEN
<0>, 1, 0, 2, 0, 8, 1, -1.52
<0>, 2, 0, 1, 0, 3, 1, -2.47
<0>, 3, 0, 3, 0, 5, 1, 9.19
<0>, 4, 0, 6, 1, 2, 1, 5.28
<0>, 5, 0, 5, 1, 7, 1, 1.56
<0>, 6, 0, 4, 0, 9, 1, 3.44
<0>, 7, 0, 7, 1, 6, 1, -4.25
<0>, 8, 0, 8, 0, 1, 1, 0.61
<0>, 9, 0, 9, 1, 10, 1, -2.77
<0>, 10, 0, 10, 1, 4, 1, 0.38
<0>, EMISSIE
<0>, 8, 1, 132.27, 175.79, 12.29, 189.27, 145.99, 104.59, 170.19, 67.18
<0>, 8, 2, 46.83, 33.68, 107.17, 40.22, 1.57, 180.12, 176.10, 116.93
<0>, 8, 3, 102.48, 133.47, 155.79, 58.33, 78.47, 13.42, 23.79, 166.62
<0>, 3, 1, 81.38, 55.85, 79.64, 92.46, 51.31, 138.35, 102.93, 13.85
<0>, 3, 2, 154.17, 149.66, 76.76, 188.50, 71.65, 82.30, 77.48, 25.93
<0>, 3, 3, 160.71, 151.75, 64.22, 165.74, 52.64, 103.09, 58.30, 90.30
<0>, 5, 1, 11.04, 55.38, 16.50, 152.34, 87.76, 155.43, 57.96, 43.91
<0>, 5, 2, 166.88, 44.66, 94.97, 18.63, 121.11, 83.45, 55.39, 194.53
<0>, 5, 3, 164.92, 197.97, 162.24, 141.93, 73.76, 150.12, 46.85, 45.15
<0>, 2, 1, 56.44, 39.09, 115.48, 161.86, 147.66, 143.23, 191.30, 6.36
<0>, 2, 2, 127.62, 62.98, 51.78, 111.44, 21.20, 116.56, 3.07, 146.46
<0>, 2, 3, 148.99, 198.82, 137.05, 66.40, 17.01, 52.07, 6.05, 48.00
<0>, 7, 1, 27.29, 116.49, 3.07, 180.10, 71.44, 159.79, 197.82, 171.52
<0>, 7, 2, 134.08, 117.44, 88.47, 75.14, 22.67, 78.13, 38.31, 146.43
<0>, 7, 3, 167.64, 159.79, 96.92, 82.42, 161.28, 48.73, 107.62, 179.13
<0>, 9, 1, 110.84, 116.56, 79.42, 54.02, 75.44, 132.53, 143.58, 154.90
<0>, 9, 2, 50.21, 76.88, 160.09, 161.07, 53.53, 125.92, 130.51, 27.32
<0>, 9, 3, 192.83, 173.79, 44.38, 153.10, 23.08, 69.09, 51.85, 177.04
<0>, 6, 1, 121.65, 122.94, 5.11, 190.52, 30.72, 153.30, 51.70, 46.01
<0>, 6, 2, 16.90, 115.43, 63.82, 189.27, 102.47, 132.45, 62.25, 76.07
<0>, 6, 3, 115.42, 76.72, 55.49, 27.77, 94.67, 50.21, 46.32, 6.39
<0>, 1, 1, 189.69, 18.59, 167.90, 146.71, 197.29, 26.06, 126.84, 191.18
<0>, 1, 2, 52.49, 137.96, 40.79, 27.48, 190.36, 70.93, 148.80, 192.54
<0>, 1, 3, 110.11, 60.50, 35.31, 106.40, 158.97, 166.17, 72.17, 82.14
<0>, 10, 1, 63.91, 119.71, 103.85, 73.53, 122.99, 193.50, 50.12, 126.99
<0>, 10, 2, 103.59, 178.03, 114.71, 147.13, 79.46, 86.00, 103.25, 13.14
<0>, 10, 3, 170.71, 71.87, 100.07, 32.68, 158.63, 139.01, 139.56, 178.74
<0>, 4, 1, 158.88, 113.22, 164.72, 112.44, 109.06, 73.02, 15.93, 148.21
<0>, 4, 2, 192.51, 130.83, 72.28, 160.70, 102.91, 191.17, 20.20, 97.28
<0>, 4, 3, 72.42, 11.87, 125.27, 173.36, 102.67, 177.54, 139.38, 81.78
